314700
329950
344750
373110
383030
388870
391560
392050
392870
399700
405040
407740
407750
415490
423920
444180
445880
448130
449280
457930
457940
458900
459510
462060
463620
467460
467530
467560
473490
473580
473620
473630
473640
473650
475060
481890
485700
486340
488720
491250
501720
501800
501880
506170
516230
521190
527570
540120
540310
543420
546450
562710
566830
567940
568650
568890
572870
574510
575730
581050
581280
581350
581680
581690
581860
582480
585720
586190
586250
586400
594210
596600
603920
606750
617330
645810
664380
456250
458800
458870
460690
466880
495590
503000
560560